Run summary
  samples: 479
  start_pos: [0. 0. 1.]
  final_pos: [1.25246035 2.01883992 1.38165047]
  max_z: 1.382
  final_z: 1.382
  final_position_error: 0.096
  reached_1m: True
  reached_3m: False
  reached_5m: False
  avg_total_thrust: 4.977
  max_total_thrust: 12.263
